0 0.25 0.3955637707948244 0.23625 0.41589648798521256 0.22875 0.45286506469500926 0.2325 0.4953789279112754 0.26125 0.5360443622920518 0.3 0.5711645101663586 0.36375 0.5933456561922366 0.39625 0.6395563770794824 0.42375 0.6654343807763401 0.45625 0.6728280961182994 0.48 0.6580406654343808 0.49375 0.6136783733826248 0.4925 0.5526802218114603 0.48125 0.5157116451016636 0.45375 0.4676524953789279 0.4225 0.4454713493530499 0.3675 0.43253234750462105 0.305 0.38817005545286504 0.265 0.38632162661737524 0.25 0.3955637707948244
0 0 0.17744916820702403 0.0125 0.2144177449168207 0.0275 0.21626617375231053 0.04 0.2088724584103512 0.05 0.19038817005545286 0.06375 0.1866913123844732 0.07375 0.1645101663585952 0.0825 0.11645101663585952 0.09375 0.09242144177449169 0.0975 0.03512014787430684 0.09125 0.011090573012939002 0.07375 0.0073937153419593345 0.0375 0.024029574861367836 0.00875 0.06099815157116451 0.0075 0.11460258780036968 0 0.1256931608133087 0 0.17744916820702403
0 0.13875 0 0.13625 0.07024029574861368 0.15 0.12384473197781885 0.17625 0.14417744916820702 0.1975 0.14972273567467653 0.215 0.19408502772643252 0.22875 0.20147874306839186 0.25875 0.19593345656192238 0.27875 0.13493530499075784 0.26875 0.11460258780036968 0.23625 0.09611829944547134 0.2325 0.06284658040665435 0.24 0.036968576709796676 0.195 0 0.13875 0
0 0.09875 0.08317929759704251 0.08875 0.09242144177449169 0.075 0.1256931608133087 0.07125 0.18299445471349354 0.08625 0.25508317929759705 0.08375 0.3179297597042514 0.09625 0.33271719038817005 0.12875 0.3419593345656192 0.14625 0.3290203327171904 0.15875 0.22735674676524953 0.14875 0.17375231053604437 0.145 0.10166358595194085 0.13875 0.08502772643253234 0.125 0.07948243992606285 0.09875 0.08317929759704251
0 0.05875 0.21256931608133087 0.0375 0.21811460258780038 0.0175 0.23290203327171904 0.00875 0.24953789279112754 0.0075 0.27171903881700554 0.01875 0.3197781885397412 0.01875 0.4029574861367837 0.03125 0.43622920517560076 0.06375 0.46395563770794823 0.0925 0.4214417744916821 0.095 0.3789279112754159 0.08125 0.33086876155268025 0.08625 0.2532347504621072 0.07625 0.2144177449168207 0.0625 0.20517560073937152 0.05875 0.21256931608133087
0 0.1675 0.2255083179297597 0.16 0.2698706099815157 0.15625 0.38817005545286504 0.16625 0.4121996303142329 0.18625 0.4214417744916821 0.20125 0.4195933456561922 0.21625 0.4029574861367837 0.2225 0.34011090573012936 0.2375 0.27171903881700554 0.23625 0.2513863216266174 0.22125 0.20147874306839186 0.2 0.1922365988909427 0.1675 0.2255083179297597
0 0.2775 0.1534195933456562 0.2675 0.18853974121996303 0.2675 0.21626617375231053 0.24125 0.2643253234750462 0.235 0.2957486136783734 0.2425 0.3438077634011091 0.265 0.37707948243992606 0.29125 0.3733826247689464 0.31 0.35304990757855825 0.33625 0.23844731977818853 0.335 0.1922365988909427 0.3275 0.15526802218114602 0.3175 0.14048059149722736 0.29 0.13493530499075784 0.2775 0.1534195933456562
0 0.34125 0.1589648798521257 0.335 0.17929759704251386 0.34 0.2532347504621072 0.325 0.2920517560073937 0.3225 0.33826247689463956 0.34 0.3789279112754159 0.36875 0.3844731977818854 0.38125 0.3807763401109057 0.395 0.35489833641404805 0.405 0.22181146025878004 0.4 0.1977818853974122 0.38125 0.16081330868761554 0.3525 0.15157116451016636 0.34125 0.1589648798521257
0 0.445 0.19408502772643252 0.415 0.19963031423290203 0.41 0.20702402957486138 0.4075 0.2680221811460259 0.41125 0.29944547134935307 0.40125 0.32717190388170053 0.4 0.37153419593345655 0.40375 0.4066543438077634 0.415 0.4195933456561922 0.43375 0.41589648798521256 0.47375 0.3567467652495379 0.48125 0.33086876155268025 0.475 0.29390018484288355 0.51 0.24214417744916822 0.51125 0.22365988909426987 0.49875 0.1977818853974122 0.485 0.18114602587800369 0.47 0.17929759704251386 0.445 0.19408502772643252
0 0.26125 0 0.24125 0.005545286506469501 0.23 0.018484288354898338 0.22125 0.03512014787430684 0.21875 0.05545286506469501 0.24375 0.07024029574861368 0.28875 0.12384473197781885 0.3275 0.1423290203327172 0.3675 0.1478743068391867 0.395 0.18114602587800369 0.41625 0.19038817005545286 0.4475 0.19038817005545286 0.4725 0.17190388170055454 0.47625 0.10536044362292052 0.4725 0.07763401109057301 0.44625 0.033271719038817 0.42125 0.009242144177449169 0.40375 0.0018484288354898336 0.35 0.0073937153419593345 0.34375 0 0.26125 0
0 0.445 0.027726432532347505 0.475 0.09426987060998152 0.4825 0.17744916820702403 0.52 0.22920517560073936 0.54125 0.23844731977818853 0.57 0.23105360443622922 0.58 0.21256931608133087 0.58125 0.18114602587800369 0.5775 0.12939001848428835 0.56 0.04621072088724584 0.53375 0.011090573012939002 0.4775 0.0018484288354898336 0.445 0.027726432532347505
0 0.5775 0.07024029574861368 0.57625 0.09426987060998152 0.585 0.1534195933456562 0.60375 0.18299445471349354 0.6275 0.19038817005545286 0.66 0.18299445471349354 0.68375 0.20147874306839186 0.7125 0.2033271719038817 0.73 0.1922365988909427 0.74125 0.17190388170055454 0.74375 0.12384473197781885 0.7275 0.08133086876155268 0.71375 0.06469500924214418 0.59625 0.053604436229205174 0.5775 0.07024029574861368
0 0.755 0.05545286506469501 0.745 0.09426987060998152 0.74625 0.12014787430683918 0.76125 0.15157116451016636 0.76625 0.2532347504621072 0.785 0.27911275415896486 0.825 0.27171903881700554 0.83875 0.25693160813308685 0.845 0.21626617375231053 0.83625 0.1756007393715342 0.82125 0.1534195933456562 0.82 0.09981515711645102 0.81 0.06839186691312385 0.7975 0.04990757855822551 0.77125 0.038817005545286505 0.755 0.05545286506469501
0 0.885 0 0.845 0.06839186691312385 0.835 0.11829944547134935 0.8475 0.21072088724584104 0.85875 0.23105360443622922 0.88875 0.22181146025878004 0.9125 0.18853974121996303 0.92375 0.1367837338262477 0.95125 0.10351201478743069 0.9625 0.07763401109057301 0.96625 0.053604436229205174 0.96375 0 0.885 0
0 0.92375 0.17929759704251386 0.89875 0.2144177449168207 0.8525 0.26062846580406657 0.8275 0.32532347504621073 0.83125 0.36414048059149723 0.84 0.3826247689463956 0.8575 0.39186691312384475 0.89125 0.3844731977818854 0.91625 0.35489833641404805 0.95875 0.33271719038817005 0.9825 0.29944547134935307 0.99125 0.27171903881700554 0.99125 0.19593345656192238 0.97375 0.17375231053604437 0.9475 0.16820702402957485 0.92375 0.17929759704251386
0 1 0.3345656192236599 0.97375 0.33086876155268025 0.8475 0.41035120147874304 0.835 0.4417744916820702 0.8375 0.48428835489833644 0.84625 0.4953789279112754 0.87375 0.5009242144177449 0.9125 0.4805914972273567 0.96 0.47504621072088726 0.985 0.45471349353049906 1 0.43068391866913125 1 0.3345656192236599
0 0.87375 0.5101663585951941 0.8475 0.5434380776340111 0.85375 0.6062846580406654 0.8725 0.6192236598890942 0.92 0.6266173752310537 0.94875 0.6580406654343808 0.97625 0.6543438077634011 0.99875 0.6395563770794824 1 0.5304990757855823 0.93625 0.49353049907578556 0.91 0.4879852125693161 0.87375 0.5101663585951941
0 0.79125 0.6173752310536045 0.78 0.6414048059149723 0.78125 0.6820702402957486 0.79625 0.7171903881700554 0.83125 0.7523105360443623 0.87875 0.7430683918669131 0.90875 0.7597042513863216 0.92625 0.7615526802218114 0.95 0.7467652495378928 0.96 0.722735674676525 0.96125 0.6950092421441775 0.9475 0.6617375231053605 0.92375 0.6266173752310537 0.87125 0.6155268022181146 0.8425 0.5988909426987061 0.82 0.5951940850277264 0.79125 0.6173752310536045
0 0.58 0.22181146025878004 0.5525 0.2476894639556377 0.5175 0.32717190388170053 0.475 0.37707948243992606 0.4575 0.43253234750462105 0.45875 0.4676524953789279 0.47 0.49722735674676527 0.48625 0.5083179297597042 0.52375 0.5101663585951941 0.56875 0.4879852125693161 0.59125 0.4584103512014787 0.62375 0.3807763401109057 0.68 0.31608133086876156 0.69375 0.2698706099815157 0.69375 0.2255083179297597 0.67625 0.19038817005545286 0.66125 0.18114602587800369 0.64125 0.18114602587800369 0.58 0.22181146025878004
0 0.69 0.21256931608133087 0.69125 0.25508317929759705 0.68125 0.3197781885397412 0.69 0.3456561922365989 0.71125 0.3807763401109057 0.7375 0.39926062846580407 0.77 0.46210720887245843 0.78875 0.4731977818853974 0.82875 0.4787430683918669 0.83375 0.4713493530499076 0.8375 0.4048059149722736 0.82875 0.33826247689463956 0.81375 0.3123844731977819 0.77375 0.2754158964879852 0.75125 0.22181146025878004 0.72 0.2033271719038817 0.69 0.21256931608133087
0 0.6275 0.39926062846580407 0.6025 0.4436229205175601 0.59375 0.48428835489833644 0.53625 0.5249537892791127 0.50125 0.5767097966728281 0.49625 0.6173752310536045 0.51625 0.6857670979667283 0.52625 0.7005545286506469 0.54625 0.7005545286506469 0.57375 0.6765249537892791 0.61125 0.6598890942698706 0.65375 0.6118299445471349 0.68125 0.55637707948244 0.72125 0.5378927911275416 0.7575 0.4879852125693161 0.7625 0.45286506469500926 0.7525 0.41589648798521256 0.74375 0.4029574861367837 0.7075 0.3752310536044362 0.6725 0.3733826247689464 0.6275 0.39926062846580407
0 0.15 0.4676524953789279 0.14125 0.5064695009242144 0.14875 0.5656192236598891 0.145 0.6487985212569316 0.15125 0.6691312384473198 0.1625 0.6820702402957486 0.20875 0.6857670979667283 0.22 0.678373382624769 0.23625 0.6487985212569316 0.235 0.6173752310536045 0.22375 0.5656192236598891 0.22125 0.5138632162661737 0.2025 0.4676524953789279 0.17625 0.4417744916820702 0.16375 0.4399260628465804 0.15 0.4676524953789279
0 0.10125 0.3826247689463956 0.095 0.4177449168207024 0.07 0.47689463955637706 0.0675 0.5212569316081331 0.07125 0.5545286506469501 0.075 0.5730129390018485 0.0875 0.5878003696857671 0.1025 0.5859519408502772 0.12375 0.5637707948243993 0.1375 0.5249537892791127 0.145 0.47689463955637706 0.15875 0.4436229205175601 0.15375 0.37707948243992606 0.13875 0.3567467652495379 0.12375 0.3567467652495379 0.10125 0.3826247689463956
0 0.22 0.55637707948244 0.22125 0.5914972273567468 0.23625 0.634011090573013 0.2525 0.6506469500924215 0.285 0.6654343807763401 0.3 0.7079482439926063 0.345 0.722735674676525 0.3625 0.6598890942698706 0.36 0.6451016635859519 0.345 0.6229205175600739 0.32125 0.6118299445471349 0.305 0.5711645101663586 0.25 0.532347504621072 0.22 0.55637707948244
0 0.52125 1 0.52875 0.9944547134935305 0.54625 0.9611829944547134 0.55125 0.922365988909427 0.55 0.8761552680221811 0.53875 0.833641404805915 0.515 0.7966728280961183 0.48375 0.7726432532347505 0.45875 0.7060998151571165 0.43625 0.6746765249537893 0.40875 0.6506469500924215 0.3875 0.6469500924214417 0.36375 0.6561922365988909 0.3475 0.6931608133086876 0.3475 0.7153419593345656 0.3625 0.7855822550831792 0.3825 0.8465804066543438 0.43375 0.9205175600739371 0.46125 0.9944547134935305 0.46875 1 0.52125 1
0 0.5725 0.6746765249537893 0.52625 0.7079482439926063 0.5175 0.7486136783733827 0.51875 0.800369685767098 0.53125 0.8262476894639557 0.555 0.8354898336414048 0.585 0.8354898336414048 0.62125 0.8188539741219963 0.6375 0.8188539741219963 0.6725 0.844731977818854 0.72 0.8521256931608133 0.80875 0.8428835489833642 0.82 0.8299445471349353 0.8275 0.7985212569316081 0.8275 0.7634011090573013 0.8175 0.7338262476894639 0.8025 0.7171903881700554 0.75 0.6950092421441775 0.68625 0.6950092421441775 0.6525 0.6746765249537893 0.6075 0.6635859519408502 0.5725 0.6746765249537893
0 0.8775 1 0.88375 0.988909426987061 0.88 0.9463955637707948 0.90125 0.8872458410351202 0.9 0.8373382624768947 0.88 0.7781885397412199 0.865 0.7597042513863216 0.85125 0.7578558225508318 0.82625 0.7689463955637708 0.8125 0.833641404805915 0.81125 0.8835489833641405 0.7975 0.9519408502772643 0.805 1 0.8775 1
0 1 0.6691312384473198 0.99625 0.6691312384473198 0.97 0.6987060998151571 0.94875 0.7467652495378928 0.92 0.7800369685767098 0.90625 0.8114602587800369 0.90625 0.8964879852125693 0.92125 0.9260628465804066 0.94125 0.9260628465804066 0.96375 0.9149722735674677 1 0.8317929759704251 1 0.6691312384473198
0 0 0.6987060998151571 0.0125 0.7153419593345656 0.03875 0.7245841035120147 0.06375 0.7097966728280961 0.065 0.6728280961182994 0.04625 0.6303142329020333 0.04 0.5545286506469501 0.0175 0.5268022181146026 0 0.5249537892791127 0 0.6987060998151571
0 0.08125 0.600739371534196 0.07625 0.6136783733826248 0.07625 0.6968576709796673 0.08125 0.7153419593345656 0.11625 0.7707948243992606 0.1275 0.8096118299445472 0.15125 0.8502772643253235 0.18375 0.8484288354898336 0.19375 0.8354898336414048 0.205 0.800369685767098 0.195 0.7190388170055453 0.155 0.6691312384473198 0.1425 0.6266173752310537 0.1275 0.6025878003696857 0.11625 0.5933456561922366 0.09375 0.5933456561922366 0.08125 0.600739371534196
0 0.23625 0.6709796672828097 0.2075 0.711645101663586 0.1975 0.7356746765249538 0.2025 0.8077634011090573 0.19 0.8650646950092421 0.19875 0.88909426987061 0.2125 0.9001848428835489 0.2275 0.8983364140480592 0.2625 0.8743068391866913 0.27 0.8595194085027726 0.2625 0.7948243992606284 0.2875 0.7504621072088724 0.29625 0.7190388170055453 0.29625 0.6968576709796673 0.28625 0.6654343807763401 0.26 0.6543438077634011 0.23625 0.6709796672828097
0 0.0525 0.7319778188539742 0.04 0.7523105360443623 0.03375 0.789279112754159 0.03625 0.8096118299445472 0.05 0.8391866913123844 0.07375 0.8613678373382625 0.085 0.9168207024029574 0.10125 0.9482439926062847 0.1225 0.9704251386321626 0.14875 0.9741219963031423 0.1625 0.9371534195933456 0.15875 0.8632162661737524 0.135 0.822550831792976 0.10375 0.7467652495378928 0.08875 0.7264325323475046 0.075 0.7208872458410351 0.0525 0.7319778188539742
0 0.4525 1 0.45 0.9630314232902033 0.4375 0.922365988909427 0.39125 0.8576709796672828 0.355 0.7615526802218114 0.33125 0.744916820702403 0.3 0.7430683918669131 0.28 0.7541589648798521 0.26 0.7966728280961183 0.27125 0.8835489833641405 0.27875 0.8964879852125693 0.28125 0.9279112754158965 0.29 0.955637707948244 0.315 0.9815157116451017 0.3275 0.988909426987061 0.35375 0.9870609981515711 0.36125 1 0.4525 1
0 0.58 0.844731977818854 0.5725 0.8724584103512015 0.57625 0.9131238447319778 0.5925 0.9611829944547134 0.6075 0.9852125693160814 0.62 1 0.73625 0.9963031423290203 0.735 0.9796672828096118 0.7175 0.9519408502772643 0.6975 0.8909426987060998 0.67625 0.8539741219963032 0.635 0.8299445471349353 0.6125 0.8280961182994455 0.58 0.844731977818854
0 0.21875 1 0.2275 0.9630314232902033 0.22625 0.9168207024029574 0.205 0.8927911275415896 0.1875 0.88909426987061 0.17125 0.9075785582255084 0.1625 0.9833641404805915 0.17875 1 0.21875 1
0 0.28625 1 0.3075 0.9852125693160814 0.29125 0.944547134935305 0.28125 0.88909426987061 0.265 0.8761552680221811 0.21875 0.9094269870609981 0.225 0.9741219963031423 0.24125 1 0.28625 1