0 0.55546875 0.2 0.19765625 0.115625
0 0.84375 0.16796875 0.22109375 0.0734375
0 0.2375 0.21796875 0.1875 0.1609375
0 0.490625 0.3078125 0.16015625 0.071875
0 0.365625 0.39375 0.11875 0.1125
0 0.49453125 0.4140625 0.14765625 0.090625
0 0.815625 0.4625 0.15234375 0.125
0 0.81484375 0.73984375 0.175 0.1734375
0 0.24921875 0.6296875 0.27265625 0.140625
0 0.40859375 0.56796875 0.1125 0.1328125
0 0.52109375 0.6578125 0.1125 0.15
0 0.53671875 0.525 0.13515625 0.096875
0 0.63046875 0.57109375 0.11015625 0.0984375
0 0.66796875 0.63046875 0.13984375 0.0984375