0 0.22734375 0.6171875 0.25859375 0.15
0 0.28984375 0.2265625 0.2625 0.11875
0 0.59921875 0.24921875 0.24765625 0.1359375
0 0.86796875 0.2765625 0.19375 0.0875
0 0.78515625 0.55859375 0.15 0.0890625
0 0.746875 0.79453125 0.19765625 0.1328125
0 0.50703125 0.553125 0.14765625 0.128125
0 0.39765625 0.59453125 0.10859375 0.1578125
0 0.41015625 0.39921875 0.10390625 0.1484375
0 0.51328125 0.45078125 0.16875 0.0734375
0 0.546875 0.34375 0.16015625 0.08125
0 0.65859375 0.64453125 0.125 0.1234375
0 0.72109375 0.66640625 0.125 0.0890625