0 0.18984375 0.078125 0.35859375 0.121875
0 0.58359375 0.14609375 0.2875 0.1546875
0 0.89140625 0.1921875 0.19609375 0.128125
0 0.509375 0.24609375 0.18515625 0.1046875
0 0.33828125 0.3375 0.18984375 0.146875
0 0.50703125 0.38046875 0.23515625 0.1109375
0 0.16328125 0.6828125 0.32265625 0.16875
0 0.353125 0.575 0.19375 0.240625
0 0.52578125 0.72265625 0.20625 0.2734375
0 0.55390625 0.55234375 0.19140625 0.1703125
0 0.88203125 0.5265625 0.12265625 0.15
0 0.88125 0.88125 0.20390625 0.225
0 0.715625 0.72421875 0.16875 0.1421875
0 0.68203125 0.634375 0.18515625 0.14375